375 705 319 368 403
376 842 320 200 288
1489 26 921 321 542
656 302 652 374 706
678 1108 657 230 513
1505 12 704 298 386
507 1210 608 369 1471
661 505 1313 951 339
1283 779 519 630 1105
701 882 341 831 803
340 1524 644 1232 1533
692 46 486 1074 818
992 1259 313 673 92
546 197 1254 202 961
537 1361 159 702 1502
286 527 203 691 480
264 568 176 549 826
354 409 687 384 538
17 1342 894 1081 57
790 390 411 1404 1295
797 9 338 485 530
822 1292 1002 686 1427
1362 689 50 1454 1113
395 917 470 1461 856
1058 1298 364 204 471
648 1490 301 1271 1365
1378 1032 1501 540 793
86 887 531 380 569
392 121 378 1467 1483
849 1202 266 414 219
68 453 814 477 498
911 440 1125 205 172
1157 1364 394 1448 32
1031 196 1513 329 206
342 529 10 210 808
773 1343 1235 1350 682
1456 490 1119 1333 213
1319 541 48 14 282
482 82 243 820 584
215 371 1389 379 152
285 1329 355 952 481
287 869 148 233 435
846 137 1224 446 275
524 1124 245 573 1418
501 1069 550 155 250
817 785 1027 332 1509
1111 1486 1198 1106 651
662 618 1431 307 770
221 492 536 1030 1183
753 138 877 1261 916
848 928 1244 29 1161
565 832 1163 145 438
434 1330 1327 539 158
397 21 969 712 1423
628 234 1436 974 1498
25 149 314 611 564
127 114 1465 161 1351
436 547 1424 935 1429
1039 291 458 1420 1129
780 1109 413 318 331
251 1359 347 1068 72
1127 1056 908 976 235
1084 1515 1201 781 1278
563 946 735 1230 280
792 763 214 855 1492
1122 1051 308 350 1219
54 819 794 445 512
1455 585 126 91 157
1041 1078 1385 27 1262
1303 1199 1174 164 722
444 1018 1308 878 141
1324 960 880 729 938
1250 146 225 1460 561
199 1355 61 1095 474
1529 854 1450 400 733
387 1434 262 641 700
1101 653 1150 922 669
476 586 571 671 904
696 174 548 875 621
593 1293 289 747 676
290 304 665 613 120
775 825 655 53 589
493 1458 1182 190 596
1439 1043 1525 132 532
58 254 769 143 915
587 133 1275 1037 309
868 862 487 357 1372
626 198 774 719 123
437 903 431 365 99
1527 327 16 534 106
896 936 248 1022 284
929 252 918 1417 526
1368 427 1332 122 802
162 508 110 927 1388
432 684 424 39 633
1256 994 503 441 698
112 695 1040 1001 460
663 636 1099 325 402
119 533 428 296 78
570 1363 1065 223 581
1440 1123 113 367 100
870 721 208 1 182
919 852 1143 142 1447
156 249 967 674 107
923 858 1159 591 191
111 96 401 418 108
690 103 943 812 464
707 117 417 609 716
425 627 1195 348 335
1413 1521 642 1121 1212
1046 366 13 1231 1147
351 1276 1116 359 328
1267 1305 1252 389 1503
776 506 294 358 654
1496 543 789 1164 1348
949 261 836 1238 455
467 398 1494 1325 632
227 1169 377 1376 494
1060 941 334 1411 257
685 466 360 279 179
343 1408 201 55 647
640 64 228 1112 796
1258 242 89 1015 1173
1118 410 65 278 1049
1326 456 942 239 815
1004 1160 914 345 317
1286 151 955 34 754
45 240 352 1289 1347
1168 1520 1463 237 454
1274 957 675 312 238
1110 1076 1166 81 1156
1042 809 277 1508 1349
883 1530 1470 363 497
63 66 253 1136 87
791 1381 1392 496 517
1153 167 601 925 844
728 1360 1484 1371 83
1197 3 85 620 1466
931 1499 20 415 459
256 1223 1133 1300 956
310 681 1519 945 1336
40 600 1507 1510 381
658 306 1211 670 1248
346 932 1117 150 959
412 523 1145 468 1416
751 316 1297 1451 1377
1407 1128 953 1339 889
622 462 1213 1266 1152
88 1131 1280 372 811
1251 370 1277 582 764
1516 881 1491 1323 1335
556 1370 1425 1187 216
504 1320 452 1178 839
650 1396 472 693 463
236 723 646 1474 1107
1241 1050 1240 1410 166
1449 795 944 77 1077
639 997 1504 44 528
1290 1089 333 1432 1279
623 829 1523 1016 787
699 629 323 41 1177
798 895 1203 1406 1331
1387 1314 1469 449 1149
265 765 1207 258 939
909 1444 1374 1480 845
1218 833 193 1009 694
1090 499 580 1310 56
876 1059 948 330 838
60 575 1375 577 1193
1402 1511 643 326 1044
1284 805 874 7 979
1171 405 1400 1419 1141
962 292 566 30 1328
1146 473 837 311 1204
659 1023 1442 850 924
324 1014 1184 1366 1091
263 443 1220 576 1061
555 1369 1479 1096 1500
982 714 1247 76 1080
33 1478 1428 771 1221
1386 1316 1452 1380 574
495 750 484 1421 823
1253 1066 810 1415 1535
912 1158 1093 711 1473
1409 900 1412 744 743
1299 1446 429 1094 1493
84 491 442 1132 1287
1176 1053 1245 954 226
297 592 1482 1185 1512
73 1260 255 947 42
1104 1017 888 1181 1526
185 1062 1021 1229 906
518 1306 1100 778 1495
934 1354 840 824 851
5 986 595 267 834
420 1020 1269 1485 1243
1070 391 1120 1063 1315
521 1026 22 892 1138
125 1140 1242 813 300
697 516 988 752 1312
1003 186 772 361 1497
1394 1064 978 1430 1008
1082 259 1322 863 1282
1188 726 51 602 1265
603 224 1085 1399 677
260 1135 189 1263 1379
1234 1054 31 525 90
451 734 1358 426 1345
1288 1025 560 1215 43
1139 841 624 18 315
207 322 1302 872 1304
800 1007 740 1172 1170
4 8 1397 1165 1437
353 1441 1403 469 1528
209 1208 605 515 187
913 1191 1036 995 1356
1071 419 1047 866 1005
1179 873 1268 407 885
1273 241 1367 1126 1217
784 37 1180 6 195
457 767 1114 759 1057
559 1382 1398 950 857
1438 1445 905 1075 1186
24 299 930 788 801
1488 617 1033 558 385
1154 1405 1102 843 1038
859 1115 553 1088 1216
15 1205 1097 1148 1255
1249 1167 59 1194 1103
1393 281 217 1475 475
768 188 38 766 500
478 356 616 762 898
544 373 1162 1433 937
247 807 271 71 102
408 232 1373 933 1155
1395 984 683 283 745
130 597 847 1225 212
901 594 1435 1384 806
786 535 891 1200 1459
907 1227 1337 1353 1522
668 75 1487 1144 886
835 1464 1142 270 991
879 522 218 1294 303
1257 998 865 973 635
1013 273 1151 1264 101
1233 741 827 268 1196
421 19 178 799 272
404 220 1391 567 269
755 552 1462 1457 229
816 975 1514 717 742
828 1236 1214 1476 1338
383 1048 246 1189 1518
688 963 344 970 1296
1270 514 488 382 1352
28 730 1239 604 1346
614 104 985 276 1045
1317 305 756 62 450
1307 783 1309 1029 1301
964 672 447 393 610
830 760 821 893 1052
147 782 578 864 996
897 680 479 129 1340
1506 758 1228 1390 396
1285 349 926 902 1034
1055 1426 731 1175 590
1318 1443 736 599 739
211 749 987 1222 388
1383 980 1237 993 804
80 194 1206 35 170
52 1130 180 192 153
105 619 667 406 67
520 965 1357 607 989
69 1246 1272 1453 724
1477 1517 645 638 124
98 448 746 465 884
502 70 399 175 990
1067 423 583 1468 557
634 336 1334 1010 1414
23 615 1190 761 910
649 11 1472 2 588
545 1073 461 1092 715
777 727 1341 853 983
1291 1226 483 144 171
1086 49 274 579 135
1000 1209 173 981 1536
140 679 131 1192 606
1321 1006 1532 136 1481
1072 74 718 416 660
1534 184 1019 510 47
738 1311 551 36 709
1281 971 1344 1083 1098
509 899 181 572 664
231 748 757 165 631
666 1028 1024 1531 1134
439 1401 134 1012 972
154 977 222 710 97
177 940 860 160 890
1422 966 708 1087 430
115 422 116 554 713
703 612 293 871 295
861 163 433 169 720
128 362 168 1137 1035
958 244 337 598 562
118 920 489 1079 79
737 93 732 999 1011
968 867 511 183 637
139 725 95 94 625
109
