4979 3550 2614 1689 6132
1688 1691 4777 6180 1563
4246 409 4373 4738 4170
1979 92 4359 2554 1950
406 2577 5656 2618 911
4383 1488 1929 3269 5008
5038 1642 1807 6887 4358
6545 1657 1528 6628 4323
6430 332 2232 5973 1770
4553 6407 5954 360 4382
53 1640 1928 7586 2546
1777 5335 1353 6844 1771
1658 5809 1635 7075 2755
6131 5274 846 1568 4098
6602 912 4385 6661 1478
4752 7777 1298 7358 4288
2441 3150 2218 1947 1138
2089 4039 1833 3089 2596
986 7054 7550 1352 2619
1546 3231 5800 2545 2589
1742 5601 7039 1857 1758
1456 2440 6440 3299 2612
3158 2067 1595 7335 4869
1610 910 2024 3992 1722
1602 4683 1297 4171 3197
6323 1433 7527 6583 2502
6579 1609 1837 6043 1984
2397 1367 6768 5739 1022
1983 478 5279 4052 1650
551 4275 5393 5658 3067
4196 6872 5850 2241 4337
423 6151 985 32 960
1978 4114 4618 2517 4386
1243 6810 1926 1444 6040
2642 3210 2468 5308 1786
1038 6447 1603 1333 5558
1813 4289 6930 5763 1494
1787 1117 5853 4403 2567
2012 6199 5477 1685 6832
5661 4360 4228 3687 3913
2799 499 1462 113 3563
4559 5240 4595 2791 2376
3324 4119 4753 4262 1425
4453 1692 1670 2172 7259
3245 3949 3077 4597 2680
2405 4229 4948 1659 3353
7204 2925 4425 6466 7514
7147 6418 2648 6414 4074
2544 3564 90 2398 1517
2838 7510 4291 5127 5981
5580 1903 384 7633 236
6431 1212 4940 7689 2377
140 7030 3320 1859 5805
6234 1545 5942 6468 3948
7626 6658 1637 5592 5935
4078 6629 2445 5662 1904
5355 4970 718 6176 3443
4011 4719 5464 3527 5164
6318 926 1797 755 2353
3970 2182 4169 753 7033
1453 6242 902 5801 4953
2868 1395 1461 2735 1959
7658 1597 2503 1767 7523
2378 6324 2380 7659 4328
4924 7199 2394 6500 1376
7660 1746 4261 2733 1508
3974 2937 2670 6249 6501
7502 5978 5437 3014 6233
5963 4187 4484 3326 6157
5050 1175 6799 1796 4783
3481 2867 6576 4671 1481
4725 1599 7646 2081 2114
2865 6413 5521 394 3187
1581 1419 1372 7529 6275
2597 4200 3650 6992 6638
4895 2379 4847 4209 6772
4569 2008 6950 3169 1061
1424 7614 6942 283 7096
2748 2593 4407 2522 223
2947 5637 1539 6384 972
2939 5009 7041 2949 2498
6428 2548 3402 7504 5243
1569 2395 6647 2938 6409
4329 7178 1073 4136 6478
5675 2540 7250 5126 6547
6379 1378 7788 5303 2410
734 1315 7094 6869 3435
2569 5808 1588 973 1899
1791 5125 4153 3581 4733
4463 4782 1521 2444 1828
1164 971 7251 1616 1527
4628 1970 34 962 4965
4748 6757 117 3864 3501
2792 327 1493 5448 2714
5438 1866 6392 4598 6492
1853 27 963 2796 177
4844 1769 2462 5984 5916
1887 1855 4442 987 4482
4921 1898 1396 7654 5548
3541 279 1328 6441 5095
2725 1886 4048 3761 1229
4330 120 2866 3296 5715
7155 1701 6524 3478 927
5424 2005 1214 3503 2212
7566 3434 6117 6762 2756
2743 5553 23 2086 1710
4451 3119 901 941 5975
7617 5123 5406 2922 1280
1318 16 6618 343 3631
7265 2774 6719 2216 1290
6173 6168 2036 1652 2364
2668 4885 6909 5810 2053
1436 7318 6371 6024 1819
1266 4720 3172 5674 7443
7296 1371 7168 1808 5638
3469 4998 6301 6254 6443
4083 1556 2107 226 3206
1827 4012 3426 1700 422
4476 7562 6615 3502 2501
1200 7045 1052 1868 7755
5604 1339 1060 3800 2695
3142 685 6746 4180 3512
2140 2720 2681 3534 3646
7419 151 1040 4865 3520
1584 7303 5732 3470 1844
7640 4144 6218 3989 1651
2621 7461 6590 1054 1350
2479 7174 2001 5435 3390
3213 2664 975 1912 5343
1055 1573 1832 2590 2365
6222 6817 6983 5591 6116
7142 6041 4511 4570 6217
496 1346 6837 7066 1518
139 7535 6227 6356 2894
1126 2639 304 7387 4961
1179 1221 1738 6313 1139
7575 2028 5472 2564 5925
6827 719 4066 4835 2555
6652 3177 4845 2186 1446
3685 171 5746 5603 2402
2690 2149 4971 2721 2234
683 6835 184 1275 5474
6341 4672 2152 6477 4485
7543 1836 5775 540 2539
1312 5671 5020 6865 2029
5993 1416 3020 6386 2435
790 1354 7315 6517 7664
1815 1708 6794 635 4005
3754 4696 2409 735 1834
4958 4092 2578 1291 1466
5806 1965 7407 7731 872
839 2649 6453 5252 3335
4710 5803 480 208 7651
4172 1441 6612 3131 1345
843 3254 4401 6635 3566
185 4583 17 6293 5630
6613 2728 3403 6422 3618
1314 5585 7312 4105 4301
7007 4750 1878 6066 4304
1592 4400 2613 5979 5562
1615 3167 2742 4530 3157
6257 4251 5256 7362 3276
4605 4477 366 1944 1514
3327 4109 1349 7420 4135
7409 1215 274 6632 6686
1273 3462 6764 1374 1472
55 1311 2169 1724 6759
5344 6925 2989 1338 937
6434 4279 1063 6692 6310
7766 6653 4767 6193 2561
3853 6248 6882 3037 650
6367 124 2893 2025 4006
3536 1885 2231 2552 1583
7195 1208 7237 242 4703
720 442 2244 961 1
458 3049 4943 3195 4594
5892 3282 634 6684 3109
7256 1614 2765 2211 6158
2408 5612 93 191 6747
4913 7472 3635 2525 2009
5330 4366 1134 4941 3499
6269 5559 464 3899 1939
7781 427 115 6332 1964
4920 6770 4311 5022 4529
7371 1864 4437 1680 2625
1475 4292 4977 4331 1924
2129 2672 2550 7547 5961
6916 2098 5242 4749 6348
4507 728 3598 7313 1811
6917 7012 570 1319 4469
6790 7474 4884 814 2233
507 7666 7236 2213 7214
931 39 1219 1256 2903
4014 7129 1497 2144 6671
897 1295 6848 5403 5173
7571 2074 1693 1128 1535
5207 1492 3673 7366 1064
3672 6337 7650 7672 200
2513 2448 4370 107 7733
3493 5058 3237 7340 204
2817 4525 2551 3198 237
2131 4190 869 3063 7342
5229 2515 2330 4254 6821
3582 607 3140 2093 3639
2481 795 4244 6467 1972
155 3449 6737 2583 1851
12 953 30 1840 4617
1095 6739 7205 7536 3467
2040 3 418 1414 5985
7599 141 2772 7112 3215
2118 4271 389 353 1199
1890 4248 1591 4413 6276
3847 5912 7688 6893 3143
4863 6256 2145 824 940
6695 1620 4700 2111 2701
6446 2744 1183 6665 2411
6013 5776 7131 1007 3548
1814 1029 5740 4562 5986
5762 2789 7382 4433 3827
5731 6003 7022 5199 5287
5290 4593 100 502 6859
1121 6115 2851 4444 7572
3030 1124 3775 1322 6061
4622 1739 4674 2430 1654
7441 3240 7564 7001 777
5873 6717 7348 381 4512
5529 5701 4305 1736 6657
87 6937 5502 5034 4000
3610 7150 4905 1598 2132
7573 3419 5733 28 99
6982 2594 4435 575 1557
543 3439 5262 1780 5499
4050 7026 2902 6556 1313
7619 6509 5328 1129 3929
119 3475 5781 2800 7098
2128 4502 1269 1877 7569
7663 4286 1600 2591 1711
3552 134 4542 1619 4297
5741 1174 3829 1009 2749
1434 2759 5644 6691 6871
3497 6330 2921 7627 7524
1704 1264 3228 6327 1023
3399 3537 3379 6805 7367
5625 7069 4201 2389 5556
4387 142 7099 5635 5396
85 5325 10 7391 3670
520 3275 2065 4739 335
3212 574 6570 826 1829
3756 6703 3174 6261 6633
2210 2505 3406 2929 490
5613 6368 3498 3839 5513
129 6945 2534 3877 2222
1512 3623 6877 1448 6322
4044 5459 2640 4658 289
2434 1717 7716 4177 605
2829 176 1678 7665 2034
566 5742 3224 404 577
2579 2602 2070 4864 1363
350 7373 5506 6730 544
4208 1122 2560 5181 2581
996 3380 5288 4020 5387
2584 4490 4475 2616 1357
3920 4699 3728 6125 3649
7520 3023 2296 6800 3866
7553 765 7024 6843 3309
5685 3477 7412 1629 3463
331 5720 5376 1316 7282
2138 5983 7271 3734 7478
3765 2226 7393 6037 7308
5043 3160 3830 2834 667
245 5286 5402 2058 4460
481 5395 7522 4820 5029
3029 1148 2116 519 4363
6936 1379 4722 7266 841
2849 1647 3871 6651 3009
6991 1909 2836 3319 18
3047 1634 5503 3334 3675
165 6806 3364 6881 3975
1531 3626 2673 1988 6680
2312 1660 3409 4996 3440
3662 4429 7454 6733 64
5834 1613 4086 5014 4035
952 2225 3405 1299 1980
2072 128 3544 4647 232
6206 4747 3625 1202 5774
6486 1025 5141 7592 895
1154 1197 5013 1684 1564
5453 266 4718 1958 6611
5081 879 3794 7567 6153
5200 6622 2388 2100 1976
3884 1132 3578 4017 6792
3603 896 5033 956 225
1325 224 4326 7690 1131
3599 7136 162 4043 6709
7132 4936 5281 4823 4877
5707 2499 6829 2087 948
2941 6798 7497 2617 6355
548 3958 6020 69 6640
2326 3723 3356 4792 837
4902 873 3654 4221 7380
2809 1398 1611 7537 5462
1908 1963 1705 1641 344
2253 1687 7165 3779 6095
7581 2820 1105 38 2442
329 6140 1130 651 2331
3382 6316 1971 2092 2201
6055 6283 6065 7331 736
2344 2387 786 6444 5561
3459 3557 2745 4634 4173
2750 3022 475 19 348
4772 6993 443 1509 5461
70 1918 5167 1731 6960
6420 4938 6531 6325 7095
2927 3586 5063 4712 4312
3236 6834 957 7466 516
2644 7579 5735 2660 5498
5016 7153 3059 179 5007
7072 3588 2362 1999 3104
436 4283 228 1788 2224
3689 6005 448 2473 1863
2603 5319 7713 3680 3517
5657 5705 2112 6459 375
7625 5447 550 3973 4721
4313 7512 5843 2586 2969
435 3658 828 4132 6760
437 7133 851 399 6929
5517 1326 2332 7326 809
6903 6044 5195 2158 187
6144 3591 2723 2570 4034
4388 2095 4935 773 6522
6957 5337 5136 1949 439
2826 7636 4422 6518 1380
190 6191 2844 4084 7355
7620 3792 79 3567 3024
5374 1393 2207 4907 1754
2675 6357 1989 4093 3968
2615 6080 7268 2480 506
4234 4613 1238 5748 4354
219 5528 7196 454 7634
7290 6476 5322 6870 4426
5543 4285 4578 3514 4111
2150 260 2793 3722 5411
2751 1526 2166 692 4319
2246 919 4982 3471 5514
3080 950 5825 1822 559
2907 2393 3132 6605 3524
1304 3257 2200 1006 572
3232 4915 1990 365 7673
50 1467 4168 67 1017
4876 587 6911 4527 4779
900 135 1294 452 2691
1397 2780 5510 1915 6873
4662 2650 405 1932 3898
72 4179 2260 3491 2652
4236 6575 476 1760 549
5579 4908 54 1442 3055
2188 1096 2538 6645 1447
4332 7655 6758 4165 1567
6549 2064 2254 4963 1071
2637 2558 2038 563 6674
3078 4890 2565 7450 5851
3369 5011 2901 7332 6001
2139 2119 6562 1967 5102
122 3404 6298 4624 298
3461 842 4590 2711 2853
428 6675 815 3786 425
7082 5908 5555 2810 156
2536 2196 5143 3583 6756
1735 2689 2027 7721 5369
6253 7623 3357 3678 2178
2633 3159 477 7378 195
6382 4690 3173 46 7119
4781 4293 1712 798 4282
1019 4430 7299 3450 598
578 606 2041 3936 6470
1024 3547 3614 4091 1891
7198 4778 6783 7163 3561
2604 2519 497 5457 6809
2636 3270 1985 4708 3330
5371 6237 7088 3785 6814
5905 6860 794 2741 4927
6732 2975 3964 6725 774
6100 4033 7397 2061 2747
3921 4968 2620 1021 3107
383 4353 5541 7135 1925
2957 5105 7425 1761 1721
5551 7314 6793 2790 4824
797 261 4901 1752 6346
1454 3401 2935 3893 2195
526 5177 2556 2299 859
7287 5268 21 4751 3789
374 413 2651 5364 2156
4586 4848 4205 3933 3903
316 2974 495 2125 527
2115 3698 6693 1263 5911
63 1763 6803 1923 7141
1077 4517 1400 3433 6593
1225 334 724 2610 2170
3982 1883 4327 4461 5351
4447 3083 1594 4786 1112
2456 3416 4714 5228 2763
3640 2669 7238 2847 7638
1520 6931 1775 3633 6607
6527 2407 59 7457 6636
646 169 7643 4900 7125
3094 7374 2934 7167 7551
4210 2372 1727 5365 3244
6087 6789 4784 5485 6438
4324 2173 2470 7255 86
3931 4281 5922 7307 3645
4295 2777 2861 3321 4910
2775 4019 6922 6423 74
6285 1381 5520 4629 1662
3632 6472 5370 4526 4503
3260 7281 1365 1415 7017
2341 894 2682 483 6494
3700 4524 7736 6975 1810
7130 2220 284 5893 5051
3736 3918 6465 2511 254
5140 4241 3290 627 6892
4001 7350 3496 2506 273
3519 4146 3861 1962 6514
614 2854 4728 4981 882
7079 5194 3445 6359 6940
6139 2002 5241 4472 7319
4235 6479 5305 433 1287
3293 4264 6127 3126 7710
98 5544 1120 4917 3988
447 5846 3596 553 6258
3508 2141 1513 7639 3460
580 4773 3103 7093 4520
6659 6534 153 1522 6033
993 6045 373 4774 7220
3376 7554 4045 1150 6471
3764 5723 198 7208 3073
1625 6008 65 1713 3984
20 7078 3937 97 7369
3637 1482 170 489 4450
5660 6788 1935 7267 1673
3809 3781 121 6154 4704
6643 6655 7351 4842 6701
4967 6544 7051 7513 3392
2163 1593 6921 1668 215
6968 6901 4421 4596 2884
5104 576 2752 2962 4587
5713 7506 4099 747 6824
3096 1198 5047 5969 3510
3755 3494 6976 3932 7568
2665 382 238 4643 6787
4256 1236 4260 4853 1975
4676 4519 3976 188 3947
7188 6426 3113 2653 168
906 3145 6363 3857 1848
3916 7120 7291 2537 5891
514 1552 5062 3597 5857
305 3388 7607 4994 6811
1168 4829 6624 4962 7008
152 3438 1245 4250 101
2694 3748 193 708 6609
7050 6767 4723 453 4242
3834 3127 3826 2390 1087
149 6886 4325 2167 1125
7652 2049 7298 7685 320
3545 3013 4198 7628 7330
1759 3780 2356 3247 182
1484 2574 230 3097 3511
4419 6678 3347 6419 6015
1173 3556 2314 6122 3368
4185 5176 829 959 7235
2077 4362 6220 7110 2269
2223 35 6948 1016 1779
492 3804 1551 2126 7421
7687 3602 673 1847 3336
3972 3323 1838 7138 5764
209 2971 3133 7429 233
5171 4364 7086 7432 486
4636 4480 7561 1014 5017
7452 137 2758 6878 5321
78 1755 3053 3490 7695
4735 1734 6319 7645 994
678 4975 493 2592 2303
547 3718 6521 4123 6312
2214 1679 1897 887 2624
1160 3585 4380 721 6281
3046 6891 1020 907 341
2066 202 1762 2124 1018
6507 4819 6961 6585 2203
6702 2813 1069 3688 716
3314 5146 6204 1058 4167
2900 7400 4644 2075 1621
3408 6765 501 6255 1582
1188 1835 7424 5698 6777
3886 4399 7414 1262 3812
2069 2850 2964 269 648
4483 4145 6437 4949 2729
299 7608 2483 6273 6345
1480 1079 4625 2146 4807
1519 4789 7508 3858 7385
323 6563 6119 1831 4080
248 835 2508 6009 3375
4238 3934 7203 1389 2164
461 6630 2165 7162 7097
1165 1268 7413 6775 2104
2930 4756 3308 581 2778
5269 37 5100 157 539
2229 7383 2967 6689 3398
5605 4408 2143 756 661
420 2295 2054 2415 3580
4137 3287 7462 240 2042
2161 2325 7057 2016 862
3695 7327 928 891 491
7399 2659 4682 6569 7081
407 2268 4047 3061 7552
7091 1729 2097 2194 1065
357 4166 4239 6260 3291
7197 2726 1359 7499 175
942 628 2709 6445 3209
5035 241 1622 3746 4402
2294 4016 1118 5231 2803
2017 291 877 2588 145
7074 388 2333 2068 3220
430 3558 6808 7145 6664
7389 6546 1541 3841 5712
2190 6185 6094 7375 4740
3617 588 7354 1244 7127
469 595 3823 3422 5360
75 5139 6797 6537 7486
4601 663 3759 2148 827
3432 5773 7600 3485 7107
2801 838 6726 2454 2475
4041 920 715 7669 2626
2243 5460 5333 4609 864
2970 7377 2643 239 244
4473 6307 2734 5614 5172
164 2872 1605 4226 6710
4677 1028 1237 463 2841
6608 2329 599 1849 7063
5734 7360 7683 1707 3093
178 6688 321 541 414
180 5440 4695 969 654
3002 1785 456 6460 6595
7090 7056 2147 1617 5488
4219 2708 7597 3939 6933
7693 672 91 4581 3604
6634 7709 7325 5546 6904
5787 3482 26 4449 2562
679 3500 2155 7243 555
5232 1502 3284 301 2433
1638 2806 2432 7334 3387
231 3574 6536 7410 1133
2090 2257 3386 421 2076
1080 2062 3116 2547 6980
1823 4406 4571 4299 3081
4991 6321 3532 5966 6224
6390 4724 4068 819 4125
4987 3569 5955 7384 1037
6062 7590 1889 3679 3539
3283 7248 4867 5882 6427
6841 6769 2951 285 7070
6690 863 2933 2162 1272
2403 3278 2228 2718 7558
2757 1098 4220 7329 7676
3259 7047 1093 5358 1358
4108 5863 7137 5055 3891
991 7616 6589 5187 9
1718 400 712 6749 1144
2205 7401 2782 5070 4771
14 629 294 657 197
7305 4207 4561 3345 7264
2290 1070 6439 3272 3885
4112 3289 7439 1922 775
2300 2887 282 136 529
4060 7442 2860 7753 4698
5026 2273 3953 3328 2022
2521 4912 3665 6297 2059
3551 4335 123 762 6620
4341 2446 3525 2599 2896
689 3263 510 7437 6944
1946 7273 1809 591 3415
2542 3304 7411 5494 6056
803 5738 2348 4878 6540
3709 2240 2875 7117 6816
730 2658 741 573 6861
5848 5357 1973 7276 6953
2168 4666 1607 538 5214
4572 7715 2827 6771 3492
1027 6970 2121 5094 474
3031 7087 515 450 2292
7100 2416 3125 7548 6300
102 6064 5840 4489 7116
4589 2438 4999 4543 6708
2270 4946 310 552 318
5015 351 105 653 6541
3621 3615 5339 3526 2357
4395 4384 6110 1553 61
6448 974 6405 347 466
2490 166 4627 5690 1476
2786 96 5037 1869 5429
7076 4273 7644 6750 854
3721 5755 2052 6377 769
7317 590 6781 4427 1706
2543 2692 3579 4846 302
569 763 5021 3653 3606
6415 7697 3565 396 3619
7295 1075 4989 3528 4290
7140 5086 761 737 2153
2797 4960 7463 707 410
6512 2958 1550 6480 2342
7364 4162 346 3265 545
3161 3466 3954 4763 5084
1193 1982 7059 7390 1254
1884 4367 104 965 216
2764 3546 1137 13 4314
1002 3444 138 3715 1159
4156 7121 5025 7794 214
5032 5052 4021 534 7403
3669 3656 6682 2761 441
6401 6713 7712 3701 7381
1107 1048 3351 5069 4059
4037 7793 3306 5639 2606
2305 615 4988 4296 623
1167 6495 7418 5909 1066
3229 4268 4632 3601 3058
6761 738 579 2343 1387
2122 1042 509 2877 2891
432 2136 3694 7483 616
787 2154 2771 345 3162
2266 2157 3397 3627 7720
964 1565 431 2003 2219
2429 585 7582 642 4986
4352 5446 1543 270 7040
2271 4766 3699 2855 2345
398 7103 3455 1113 5193
3025 4931 3666 7792 5091
7261 7395 445 2835 2035
2101 2401 3010 626 5071
3273 601 5971 7104 1981
7122 5728 2381 1587 2048
6126 3325 3333 4085 7128
4186 6039 1741 3613 2815
4042 1900 1805 1839 94
1681 7118 4980 3389 6329
83 3436 5427 5702 1537
1329 2460 6265 3385 5478
5669 3483 1888 2004 5481
7379 7241 2605 80 1392
2687 1860 6331 2488 1575
2825 5012 6155 5821 297
5864 6145 7677 6366 1500
2607 3818 6751 6179 1783
5589 3560 2043 1250 5302
6152 4956 4560 6631 4732
7341 7146 3507 6812 6113
2487 7588 4707 2812 1383
6137 6458 3344 4227 307
4729 1781 5872 4741 6299
5412 6425 5651 5678 6838
5811 7541 1820 4880 1910
2601 7417 6166 6511 446
1745 1974 4322 2753 7482
2461 5004 1956 6182 6402
6078 89 7159 207 4939
5939 392 2091 1279 3307
3971 6986 473 6160 3277
2787 7356 1485 352 7212
1776 1628 5439 1774 4850
2360 1876 6000 5865 1728
5835 1576 6969 3120 1911
3266 7062 1177 6489 3961
2520 5031 5441 3381 4143
6038 4501 6236 1942 6042
7404 5874 3994 2242 1410
1992 7352 6238 4916 4280
6194 3121 6187 1699 4633
5415 4445 3189 4263 4069
7192 33 6654 5989 4154
5565 3166 7606 1817 6744
6863 275 6854 6101 6163
7213 6128 1977 4678 2489
1806 7034 4428 7549 1644
5918 2635 6025 1987 6272
564 1501 7674 4882 6067
5162 5784 2647 7735 5786
1697 4515 6857 2026 2679
1504 7574 7058 5491 5816
1846 222 2678 7171 1341
4159 511 1342 5549 2630
1882 6052 2185 3100 7593
6705 5898 1880 5844 4802
5724 6641 3995 4919 1782
6997 542 6354 5736 1766
1411 7002 2821 265 850
5886 2559 6696 7433 4793
5507 1667 2088 6010 3223
3041 5672 7293 2732 4215
3600 5115 5877 7396 4550
173 1719 7500 860 1790
7344 2413 6935 6074 865
528 6571 7725 7000 300
1170 2992 888 5554 2245
3814 6700 5295 6092 924
3286 5400 7269 5761 1842
5977 7471 1382 6252 1423
1778 116 1309 2530 5802
4715 3301 1524 6288 6178
5463 6069 111 7532 5423
3757 1636 3642 4906 2451
2103 6485 3302 1862 1248
7528 3378 1571 2600 3848
697 7300 3354 5988 7217
6461 4928 4932 5849 4057
7618 1858 1231 6216 7297
196 1403 3901 4510 1078
2802 6724 5647 772 1698
1726 560 6587 1725 1429
326 1547 5293 4182 4376
6374 5519 2931 6123 5866
4657 3473 1757 6687 5941
6601 1608 6053 7563 3576
7170 4346 1407 4579 4029
3999 2566 6226 6637 3218
3365 6082 4770 1035 2514
4621 7653 7101 7020 7156
3464 3095 3909 6012 444
5868 4374 5663 2993 3661
5719 6277 306 7762 3612
5624 5538 4787 6625 1723
4458 1257 530 1327 1421
5796 513 498 2135 3337
5596 4217 4243 1865 5884
1804 7143 6274 5169 3193
5516 4118 5832 4607 2909
6004 6457 4631 7596 3184
7025 4316 3176 6676 7612
278 5336 2496 6830 5261
1203 6712 7221 1645 889
989 276 1618 3549 4898
1247 3271 6050 6449 6364
3268 6826 7175 6130 4348
7052 4582 6912 6621 3851
3686 1960 696 1589 6599
6519 2230 6753 6183 2568
7477 7647 6189 3253 4540
1227 562 7044 4509 5048
4758 2130 4623 5183 7333
1601 533 4007 1114 303
6463 7757 7604 1292 6831
4438 6938 3129 6070 4076
7613 5246 522 5175 6604
5824 3458 296 7774 2882
6879 3513 7531 4176 5347
3660 6011 3453 1321 782
1293 1720 6815 7624 1917
6181 5813 7570 7479 1558
3204 6412 5772 3430 2274
5163 6727 6782 1756 25
386 4826 7538 7405 1772
5247 1661 4184 4071 1464
1086 3531 5938 4812 1830
4813 5368 7495 4983 4183
1633 4923 6197 7245 6588
2265 5696 125 5704 292
3943 5737 6267 277 7376
3962 5827 4063 6410 3203
7263 5394 7509 5150 6239
7615 6027 6513 3730 1005
5754 6175 5944 3506 3914
3164 2469 4563 6481 4626
7363 6149 7222 4651 6380
3262 5329 3769 1468 5049
7453 227 2171 6138 6264
7027 5913 6336 6973 3882
4973 2428 6735 213 3361
6908 5346 3993 4216 6644
6885 5964 7302 4343 6484
5508 6411 613 6375 5655
7446 6112 5777 3611 6104
1916 5444 5575 1881 6780
3667 7609 5334 799 5326
4505 1737 3178 4689 5309
6244 3205 7279 771 7786
2518 4379 6683 3123 6169
290 4955 1123 7760 4120
1390 319 4934 1943 6416
923 2587 5633 3091 7031
7028 3012 2495 3515 2769
5138 4574 1643 5010 2595
5990 4163 5496 3969 2455
1082 2946 2051 7517 2184
1792 5522 2920 4702 2485
6017 315 3634 1384 5142
6577 2474 4130 1872 3004
6977 1784 4801 7065 2852
7484 976 24 7108 4206
2085 6079 2662 3863 4103
3007 5999 849 5045 5404
1533 3068 2776 2661 5587
7460 4523 1675 6679 108
4709 7678 5248 370 6723
7585 2716 5683 6096 2998
3400 4650 5487 5903 3505
4107 5467 7542 3594 5684
1997 1666 5920 1951 363
1136 5888 3343 7584 1351
2846 2452 6280 6996 5700
2585 7737 5222 7215 5924
4115 5722 6365 1907 1427
7622 7451 6984 5289 3261
4253 5588 1463 4245 4701
7151 5527 1529 5184 6303
6941 401 5856 6610 4985
146 5634 2039 5582 7464
88 1902 6722 4240 5388
6955 2286 3437 1574 6081
6172 6833 6899 3312 5250
1141 2823 1228 4294 6243
3451 503 4270 3149 1377
3724 5244 7630 5505 7706
2020 42 5533 5646 6617
3523 4516 77 3332 5936
2275 7598 2523 6362 4025
7227 3196 5466 2805 7224
2994 2197 2628 6060 1753
5928 2629 4082 7254 4997
468 4576 1246 4603 7481
2908 1873 5782 2533 1176
4614 2287 6539 658 7068
818 3630 4522 6209 4361
2715 3255 1422 5693 3000
4265 6076 6490 6779 1205
2685 5223 3006 1669 6105
5018 7346 6268 5708 6967
4904 4315 4506 3383 524
7280 5054 7436 6994 3584
158 2418 7386 1190 3811
7306 4663 1347 6596 2334
2239 56 3587 1181 1232
6246 6752 1336 2905 5413
3996 7434 4416 5366 1626
440 523 5972 6171 7505
5841 7496 5525 3892 457
6958 6533 3883 710 1561
1391 6395 2208 6376 7160
4231 3249 7621 6895 7487
7004 6208 5727 4455 4717
3733 4580 1794 6796 2608
7077 295 6454 5039 5186
2705 5997 6309 2055 1931
1664 977 1715 5271 3360
5593 3427 4188 3300 6597
2654 2677 2199 3487 4508
3033 1901 6259 1649 1824
1091 3072 6167 6510 745
6943 5826 1503 789 1672
6555 3870 4464 3216 7285
3108 3226 1793 1825 1732
6963 1631 3479 6207 3815
234 1455 5486 6120 5879
6098 7539 402 7578 6972
5798 3208 7591 4040 1703
6057 4175 4237 5158 6716
4737 7123 6212 1709 935
6473 1818 6083 6235 1486
7791 1749 5818 6279 6598
6308 5430 3318 5974 1307
1271 7594 6385 1682 3227
6939 6535 727 1579 5053
6840 3042 1102 6165 7006
3316 371 3807 467 6399
5285 2983 3935 5804 4023
2142 1852 6086 7252 5155
6669 6383 354 695 5767
4993 484 5208 1428 1473
3535 6928 2767 4918 6289
7253 4306 361 4404 3243
4054 362 1340 2323 2807
2985 3878 6161 1012 4073
2840 3821 287 6897 6498
2663 4079 5627 1278 5887
7724 5838 1994 7328 5157
455 3572 5483 3373 7394
3772 6018 6839 5382 4152
6582 7476 1511 6918 4687
7503 6231 7230 2096 5945
367 6663 3518 6232 3636
5272 1549 5586 7577 5946
4124 6097 379 3017 7181
3577 4440 1097 1875 4381
2955 4893 1525 7448 856
5235 3674 4806 338 3750
883 7209 4648 3787 1914
5442 5615 6738 7534 739
7398 1850 4697 5203 250
2788 5814 7321 7284 110
6129 7262 2987 561 3071
6049 791 2879 1348 1081
1826 2014 5621 7747 4272
4139 6263 3279 5419 1432
2427 103 6305 5264 5255
670 2528 6672 1074 1606
5677 4545 2073 6 3280
5875 2321 2250 5414 5750
1140 6451 4799 2482 5492
3391 1409 7772 1047 5947
4278 3070 4686 7526 5611
4197 1941 1624 6196 2363
2632 3026 3417 3836 4134
1460 3986 4493 5699 7216
4952 6850 6134 7631 3352
3981 5896 479 5783 5458
1674 2424 3054 1182 1905
3589 4950 3252 6389 7105
6639 1090 7473 6580 2686
47 6099 6103 1747 5652
7455 5166 2060 6349 6934
4191 5949 2991 6068 3117
1966 2080 1209 6985 2697
4310 536 2102 6381 2880
49 5878 3835 5768 518
6326 451 4978 247 4126
7046 2737 4612 1996 3250
5623 2310 5401 4122 2318
6987 713 1896 6846 3819
2988 5227 3852 6505 5238
220 2037 788 6186 2535
2206 954 6344 2339 3875
5340 5030 3019 3264 659
5501 6270 6361 1686 6989
1469 1457 2425 5871 1893
5028 5830 4836 5380 359
2627 5537 4891 3148 5915
3616 36 6347 3928 7692
2843 4113 5869 7183 5116
6032 2818 1653 698 7177
159 4868 3394 5426 3238
7085 885 3955 5475 884
4566 5511 3732 417 4193
2471 7686 6748 1954 1498
7583 4194 4321 6215 2450
3165 955 6591 5316 3751
6530 2466 7629 7111 2050
7642 4942 15 5263 1604
2740 5641 968 7440 4317
6114 1968 7602 7576 2293
7458 7501 1663 7422 4222
328 5962 7681 2280 4345
6106 4693 5345 2478 3214
4637 558 3456 7699 6567
5434 7789 163 4804 7113
4338 3711 5659 4347 1937
2400 6294 7176 7767 5450
4557 3522 41 6211 7249
5480 3011 5452 6828 62
7518 6742 5567 5753 4189
5823 6714 5224 5792 5721
2808 3248 3876 6026 7322
1993 6842 7408 1554 6520
3348 7423 3088 4555 3822
5854 1630 2956 5560 517
2367 5276 6906 7540 5654
5524 3346 6956 4514 4149
4443 6058 2575 4706 5571
7036 2109 1570 5757 48
3048 5178 7037 1730 2351
4398 1566 280 1998 5629
5569 617 6073 2874 6108
6523 2770 7519 2110 1274
2486 4642 2033 4599 1151
6195 6396 1936 5703 7288
7092 5749 3421 4233 2018
3186 4744 5620 4393 3225
7525 1046 5046 5839 4116
268 7662 2580 3965 6883
1560 2904 1795 3681 3860
4620 4933 6317 1577 385
4498 3188 6177 5057 6914
750 6951 6561 6836 1323
3987 7144 4174 1874 7161
3128 4896 7180 7071 7219
1084 2667 5003 7426 6352
4218 349 2754 2719 5998
5409 249 5168 5117 936
2529 5957 5367 4121 5992
2281 1532 1072 6502 5797
4974 5995 6553 5996 4743
5642 2676 364 5311 992
2944 5209 7053 3555 1439
6853 5794 6888 643 3151
5607 7043 7465 6825 5934
7186 1057 1623 2897 5327
3075 1733 3644 7490 2492
2573 150 5940 3294 5233
3468 1332 804 4013 412
4816 848 2117 7347 2174
2582 6491 4716 2996 5237
1161 5005 6028 6988 6143
7003 1695 2308 5766 1405
6436 6971 5128 3959 217
1945 6673 7257 7089 1440
5129 210 764 2717 7670
6572 5862 6926 58 1523
6715 4397 525 253 3340
7015 4558 1258 6923 4951
7185 5389 3222 1305 5479
1186 4257 4659 7049 5428
7211 1053 4810 3183 5788
6584 5197 6667 3737 5958
3568 1195 6574 669 2120
6240 4945 4424 6648 4800
330 1952 1356 2347 4287
796 6071 4344 5976 2309
7565 6077 2798 6529 2491
5153 652 1013 7765 6360
780 5253 5729 5628 7603
1420 4746 3801 3085 5590
7157 2361 3105 2881 3384
7234 6084 6526 2045 2032
3331 1142 6089 206 5688
5296 5257 3393 4539 2497
6964 3018 1861 7005 6731
3305 3339 5443 7301 4825
1867 4405 459 5377 3076
5894 1740 2010 3676 2999
4090 3180 4064 3163 1267
7324 3114 7734 1334 7210
703 5170 4630 2531 3045
4521 3452 6785 5756 4903
6504 743 5273 5819 2990
4151 6429 6287 3448 7723
3488 2730 393 2307 4049
1285 6124 5040 7139 5332
1496 6995 6754 4448 5124
7270 7406 194 5673 5726
1235 3322 2047 5408 3429
6677 2338 1364 5236 3092
2703 4840 5471 6946 147
4349 5284 3005 4930 3923
5917 6858 7560 4730 3682
4160 1665 5056 6910 257
2181 5493 82 4929 4418
7754 4148 5956 3950 5356
7507 71 7738 1361 3956
6278 5122 1331 5650 3233
6924 6852 5930 784 1011
4439 1489 706 6203 3044
6223 3185 4645 3134 7605
3708 4247 6225 2082 644
4318 6373 2972 4377 3890
6054 5758 4075 2370 2768
6417 5953 5631 4267 6813
3288 6949 7274 886 3763
5099 568 5791 7247 6286
6474 890 3211 1088 6475
6059 1265 73 4957 3447
5948 5730 1030 6292 4827
3428 6876 2217 263 6107
3241 4259 6999 7190 726
3139 3963 4392 7749 6159
7494 1418 3790 6031 4727
1799 255 3960 5449 3313
7668 7447 3828 4147 5342
2700 6455 6694 6508 5807
5951 6734 7691 1714 2631
705 5622 723 5072 4592
4230 5790 1627 2512 6819
3707 5182 7277 5867 4984
2209 6896 2248 1330 5619
313 2352 3407 5174 4004
1343 1948 6030 5217 3217
4161 2837 5526 3016 5379
5361 967 3420 4713 2916
1961 2459 4391 4214 731
4192 5876 6894 1646 4333
5301 2811 5779 4685 7470
5019 2704 7780 1204 5500
4855 1677 6867 4065 4203
6007 7555 5933 5417 183
4745 7309 3258 5420 749
6932 6866 4834 6560 4552
144 5482 6462 3872 4155
3806 7511 4492 3912 6889
6394 6403 6229 7304 2484
5770 3543 7102 4340 7557
3906 1226 917 4638 3825
6847 6483 2509 6978 161
7018 5858 3190 2006 1153
4423 3739 6697 6568 6862
823 5044 3629 2324 6773
1301 1458 2453 3985 7743
4852 7480 5859 4478 3904
5179 7038 3050 945 4602
2476 174 2237 1803 60
1450 4742 1716 6284 84
5648 3554 4375 5114 4797
4679 5230 4851 637 7761
1034 2204 6564 2056 308
5618 5531 487 4131 5152
4164 3370 4334 5670 5539
3620 740 5982 5950 7637
5219 4796 1277 6778 5497
5572 1251 5266 4675 817
3977 7353 5001 4731 3879
7345 4548 6795 3144 3234
6565 2221 847 6974 5710
6304 5391 898 6408 4446
5121 1548 3199 3396 2123
68 4536 380 7202 7200
2746 7013 5267 5041 5348
3251 4342 5960 243 951
6135 7682 6046 2671 4371
2419 694 4992 5185 203
4225 925 7023 7708 395
6192 5202 6328 5718 4055
1515 7729 3894 6456 2784
4320 7468 7172 1986 3235
4095 5362 7771 5574 2926
6088 3267 1169 5211 6170
160 6435 1540 1270 2493
5131 4531 6146 2494 2504
229 4838 314 733 6557
1572 7589 1044 4496 704
5828 5640 4937 2133 6845
5686 1101 687 5225 1089
4128 7149 4535 1471 7703
3442 535 6902 3705 5919
3930 7488 3873 5165 5147
6190 5490 7704 2011 6720
1510 4665 1516 5812 1555
6736 3803 4964 6075 6600
4396 5709 5725 5196 6421
5291 3540 5897 3256 4660
7061 2392 6021 1111 4653
7019 5929 4276 5632 4497
5359 1192 6548 4652 7370
6515 262 2449 2384 6649
5626 904 7722 4389 1744
7556 6907 221 582 4432
6898 4646 2443 5113 2830
7240 7258 6913 783 7751
7016 2973 7635 4872 5542
3355 4094 5201 114 2255
6002 5418 6851 4673 4088
4654 2693 3655 567 853
5470 6311 3810 6786 7207
7337 5373 4785 3171 1100
4922 4947 3115 6979 3146
6488 571 7021 6250 2713
2477 4791 2848 6400 7154
5324 4803 2421 4117 4532
6291 1470 1388 6905 4010
5495 2794 3895 2288 4790
6266 1435 3752 7032 852
482 2507 1324 7179 7764
4274 1302 2420 4024 6884
256 6551 979 325 4038
1487 2 5280 1443 2961
5845 7106 1059 6707 3910
6442 1360 6954 1751 1921
983 6406 7035 3152 181
3154 2422 7 2285 7580
5597 3573 6668 1969 3359
4554 7029 5468 1062 5386
2235 2785 1933 309 5445
800 6029 7435 3341 2727
3967 7164 7242 4567 6822
4547 415 1402 4664 4649
1499 286 2549 2557 6990
6048 2656 1335 2950 4369
4692 2472 934 2350 5547
5024 3945 3295 6210 5265
5679 1483 3849 4181 5980
6228 5275 2283 118 970
3311 4414 4608 2674 7530
1431 3051 6342 6864 816
4003 7014 2913 5552 4556
2553 6213 3052 4202 4734
893 1696 7083 5277 3358
6372 3533 938 5785 5747
7546 1671 759 4894 3201
7388 4133 3793 2337 932
4224 5937 2215 7323 5889
813 6200 3922 4100 5970
4459 5306 1369 471 3659
1530 2997 1230 3778 2346
3410 4680 700 1337 4436
4504 5385 1765 5397 81
6528 6314 5914 4356 6353
3194 7229 766 6616 3663
4474 6174 4204 1938 3990
2638 5120 2646 5564 5855
4821 831 6550 3824 5910
746 3590 6503 3298 7246
1940 6296 6262 1544 1404
3138 3246 4518 426 1743
4959 5573 3842 918 2371
6698 1031 4534 8 984
4533 4309 3991 2358 2263
4856 868 5931 1196 1445
3509 2044 3796 5375 5695
3743 4199 1162 5205 1676
3575 6245 6315 127 878
664 5602 5515 711 2976
4843 2845 1843 4857 2724
1505 3200 7158 2883 2192
6670 1655 1802 2688 4487
3652 465 3542 5822 5456
3086 6072 2832 7601 6482
3553 1210 4859 6188 40
875 2738 154 3032 3038
1789 1362 5399 2943 4769
6614 6398 5318 4053 5861
6497 4026 2873 6890 1702
660 5083 2383 5431 1092
4441 3221 7064 4150 609
7218 3837 2978 6755 1240
7696 5473 5717 5566 7048
3297 4046 6581 4972 3124
1296 6875 4284 6320 4307
4641 5820 6499 2524 4780
2576 4481 5484 2795 5119
494 1871 3168 844 7239
5759 1596 131 2336 2898
4452 3643 3175 7611 434
7498 2319 7739 5353 4815
3106 5716 7244 674 6019
1694 5885 1412 7489 2842
5304 4615 1413 5154 2007
4604 556 5745 3683 5144
378 1033 7515 2313 6791
3651 5697 7080 5900 2915
3040 6221 5454 7392 5532
621 4104 5313 6343 3706
4031 2895 2917 6464 5298
1477 4811 5064 5682 1015
537 1143 1559 369 1748
7232 7428 1586 7459 3424
4871 3239 3098 5536 1207
6295 199 1768 3060 7231
6271 1930 1276 5691 6469
867 806 4858 3938 5967
5665 3182 4538 5156 5833
1856 2541 258 6920 4841
807 3677 5904 2447 1426
7544 5860 5645 2952 4102
6662 5204 701 4067 1171
821 5188 640 7475 3593
7193 6900 5398 5118 2824
7359 7467 1189 5451 5192
6868 7320 4495 3855 6566
5926 7445 3951 7228 3771
4639 3862 1300 6290 686
3486 2252 2598 6118 1166
5023 5883 7042 5292 6388
1041 7166 356 2864 3983
4568 751 6022 130 810
1242 391 205 293 1648
5221 2706 7073 7011 6656
7521 5852 1106 1562 2910
4818 7776 4610 4106 3066
2202 7272 3474 2945 836
7233 4351 4411 4467 4232
4062 4195 4788 6552 3817
2160 6450 218 6340 6156
1585 1281 6148 5617 2046
2106 5836 6915 5315 5405
2532 3717 7226 3944 4355
7492 368 2322 2105 3784
866 1083 6016 4711 7705
2113 914 5341 4454 752
4911 355 949 2666 7275
5769 5314 3043 3056 3371
1375 6741 3118 6626 2306
7430 6184 995 930 7768
5476 377 6650 4764 416
5870 5793 2236 3472 500
4684 3925 3529 5213 812
7775 2083 2439 3065 1211
6855 4002 2572 4944 5906
6965 1773 5145 4670 7783
1870 3087 6164 2731 6424
6282 5137 1146 6358 1812
2696 7173 5189 822 333
4616 4142 1474 2822 3036
3915 3664 3979 3035 2923
758 4635 4178 3770 3110
7784 7680 1578 6919 2968
2304 6573 7671 1094 4466
1491 6496 438 7126 1927
6927 3099 6578 4009 1800
6774 5847 1213 5436 472
6205 5608 4805 2396 3141
172 4831 2876 944 6880
4839 1099 4129 5320 6433
2781 7449 5323 2839 4765
201 5425 4081 246 4390
2311 6704 4887 1430 7679
4266 3285 4879 7732 4140
4830 874 3192 6432 7610
5667 5254 4036 2189 3888
5096 6370 4277 6014 3942
908 5108 3684 3767 3704
2986 6681 5088 6339 2137
699 5249 5681 2078 5282
4488 2919 6334 6558 2948
6554 825 4101 4300 4794
411 3366 2954 2000 2366
3902 4541 5512 4028 5416
3997 4564 1879 4828 7675
1590 57 1127 4854 6351
5837 4814 6198 4255 1656
7763 3854 51 3329 2412
3003 2527 387 6559 7184
6962 7456 5317 4976 1920
211 1116 1845 7311 2655
1308 5689 4030 4691 1108
4056 5363 5080 6369 4795
7742 7770 3648 1690 4434
2869 871 5312 4798 3130
6350 6090 4303 3274 4544
1632 4051 6745 337 5381
1109 1239 2193 4420 3628
5594 7779 4211 5831 3315
2773 2563 1288 5509 3831
7152 4127 5352 2911 6784
2722 2889 1465 1385 5666
3762 1201 1479 5078 5680
7289 470 5073 1206 5112
6404 3069 7338 3607 7719
7084 3423 340 485 2739
4096 3082 7491 1104 6660
2977 639 403 7260 5465
2942 5550 602 3714 3559
7067 1406 5743 3153 1217
251 6603 7225 4308 5616
7595 3897 4350 3303 6391
6091 2335 5098 5422 7649
3719 3057 5134 3179 2936
424 505 6247 4339 4873
1366 6981 3917 1816 1156
5994 2279 3802 586 5260
6051 143 6023 2571 4584
6201 4925 4874 1172 4655
186 1801 5932 1184 2404
3242 2406 342 5921 6397
6338 5557 2249 5540 3015
11 6335 830 5216 1639
6804 1368 6594 3865 2888
732 43 2267 857 3777
3281 4470 5421 6966 7191
7055 3696 2375 2918 3350
5609 858 397 4888 1241
5161 5384 1841 690 521
1344 324 4966 1459 2431
1155 1490 5927 624 3957
7115 2914 6706 4087 5576
2762 5965 5534 916 6856
7656 3230 5799 5643 5300
3074 3720 2198 5991 6036
4431 6699 3844 1683 6121
2698 2906 3374 3850 6063
5068 1003 2863 3562 6543
1284 7169 66 5036 2317
109 4809 5600 4875 44
3874 4500 3207 5151 5283
3064 5234 7714 2031 3731
4157 4573 6776 3028 1955
2094 6763 4015 6606 5545
5636 1234 811 5610 1163
267 1039 4926 2634 2960
7769 4755 2928 2828 5676
6147 4457 2359 7667 5902
2030 7533 6102 5706 7641
5817 532 5570 2374 3952
5880 7109 7559 2982 31
4302 7278 1919 317 1408
3641 2510 460 4089 5106
2176 4491 2707 801 3940
4412 1253 4726 5751 508
1068 5299 3135 2526 3941
2191 1004 1152 3530 3926
7182 2858 5943 4822 3980
1798 3521 5469 7134 4611
6718 3191 3338 2984 1222
4606 1399 1056 1892 488
1103 4761 5407 5226 1310
3342 3747 2779 5198 546
6619 1854 3758 4499 913
5111 4681 2187 7718 4892
2426 2180 1995 3712 7339
1216 5092 7485 982 4357
2369 2015 4022 1283 3349
4881 4861 6035 22 2079
5061 998 641 781 946
2175 3367 870 4619 2183
3907 5110 4138 3476 3446
1612 4889 322 2315 1438
4365 5160 1000 760 5258
3147 5432 1913 7189 3900
5338 6047 3441 1218 5270
3742 2385 5584 4212 3867
6141 7310 5354 5350 1145
3454 2327 3927 880 4258
2963 6729 2019 1317 531
3363 7365 5765 7431 1580
1032 29 2247 3946 5649
6538 7060 5076 929 3170
4249 148 5067 988 3484
5392 1191 589 1506 3760
6487 1051 3749 5890 7516
4551 3702 7698 1542 5668
5297 2328 876 5093 4817
2291 5687 3832 2831 3039
4 604 5959 5210 4585
2736 5065 1306 7545 5075
3887 6136 4833 4027 1255
6214 3504 2084 3869 7790
4600 372 7201 2981 6542
5006 3595 3489 5581 861
6516 4969 2399 3816 1538
3122 4537 3845 3219 7773
5595 4513 2099 5563 612
5578 892 6034 5518 1223
2355 3181 6818 4462 5410
4077 5097 3799 5085 3838
4661 808 4849 2298 5598
449 2684 2134 1764 6998
5815 4909 4776 7587 7343
1894 688 3647 6109 3966
1043 5148 4914 5027 6721
1451 1036 922 3798 2463
3725 7148 5060 3729 4465
6646 802 966 1076 785
6766 2979 4368 7730 6142
5599 3090 5530 2622 958
339 4223 5535 1158 5074
1534 7758 5042 2057 656
3868 1185 2856 2071 1049
6241 7648 855 3797 5239
1957 4832 6378 668 5780
1110 1261 3137 3465 754
2227 5133 4656 3671 3782
4213 3880 7124 5109 7427
6525 5159 3881 462 3457
4669 376 3998 691 2417
3753 1320 5278 7746 682
770 1303 2297 6820 1178
7416 504 5744 5789 5523
7745 1507 5489 2261 2063
5212 3905 5583 390 681
2641 4860 4667 4575 3738
4640 429 4479 625 6393
1401 3592 1386 7194 52
212 2127 311 2278 4688
4298 3795 7402 596 288
6743 3034 2890 3111 744
2892 4866 2804 2414 3744
693 3808 7283 5002 281
7740 2966 5372 1373 3412
5842 2862 7114 5577 5090
1437 5089 5899 5795 4410
512 943 845 2238 1289
1010 2284 2760 3425 5
2437 4110 4862 6685 1895
3843 2436 3919 1008 6302
565 2458 312 7357 419
3889 6333 271 358 3773
4070 5390 655 2151 776
921 4141 2995 4072 2886
76 2645 7711 4097 4757
3813 5251 4694 6306 3776
5000 3027 2857 4705 3008
5135 899 5130 2516 5455
3840 3692 3062 1119 1157
1252 7750 7785 677 6586
2699 132 4990 189 1750
2467 5968 7187 2912 2609
2899 6093 5383 2262 5180
336 7657 3846 5349 3638
3411 4415 1260 6251 7684
4899 671 235 5378 3079
6802 2272 4762 1187 3727
5692 4372 1233 6202 4883
6849 7361 2712 5711 5087
832 5307 909 3726 3495
6532 1249 4591 95 4870
3418 5190 252 805 4456
3538 2340 4032 4018 7223
7661 2932 702 6111 834
881 5149 6623 2500 610
1050 6162 5760 2289 3156
1224 5829 5259 7368 5218
6807 2391 5132 557 3480
5752 6642 5245 633 5664
5310 792 6592 5103 7286
6627 6387 620 1906 554
7702 3668 767 3362 3745
665 5778 4486 3622 840
6801 1001 4336 2611 1135
603 3783 3697 167 3774
5294 5907 1026 5771 2349
6666 3021 4471 7728 5606
903 112 4588 722 1282
2368 833 3978 7726 3112
820 2386 999 939 5694
3856 2980 2021 2316 2465
1934 3908 5079 4577 3911
4417 3001 662 264 5206
1536 6823 4549 5901 4252
3859 4808 1821 2320 2251
4394 2953 5331 5082 1370
611 5714 1149 5504 717
4565 7782 6085 7438 7009
2959 7010 3716 2878 6493
593 619 126 3693 1067
2683 1220 645 133 6874
272 2924 7717 947 4378
3608 5923 7316 4269 915
7444 933 408 3431 636
7700 2373 714 997 3624
729 2623 742 5433 1953
6728 3657 6150 4736 676
2766 2013 4528 7469 584
4058 1394 5653 2814 2159
6506 1286 7694 3292 2657
684 6959 4008 4668 2783
5107 6133 6740 3735 2464
981 1259 4494 7744 3202
3136 7292 1449 3516 6006
3609 3713 259 2382 3690
980 1991 45 2108 1180
4837 748 680 6230 1495
4886 3896 5215 7632 3805
4995 3791 5220 1045 5895
675 7741 1417 2264 5952
5101 4468 631 3102 4897
583 5987 106 2023 2277
4954 7493 990 2282 5077
4158 1452 4546 6947 1085
3766 2354 725 757 2965
5881 3395 1355 7372 7748
5066 3317 3605 7206 4754
4759 1115 2457 2259 3571
6952 3084 638 3413 5191
3924 6219 649 2833 3414
2276 709 4768 4775 793
7707 7349 2819 3768 7752
6452 192 978 6711 2870
632 7294 2423 4061 7336
2816 7727 3833 2871 5568
666 2702 7415 5059 768
2710 7701 779 3741 1194
3710 4760 600 630 618
7787 3703 3820 3377 2885
4409 905 597 3310 592
3691 3788 3740 3570 7778
2179 608 2258 778 2256
2859 3372 3101 647 7759
2940 7756 622 2177 3155
2301 2302 594 1147
