1146 4442 4481 4762 1627
4004 3984 1162 4233 4097
1353 2766 1611 1156 1145
61 1737 20 4396 19
1373 1273 594 3490 268
1136 2932 1085 1180 4547
294 4514 325 2181 3742
4469 4761 1351 4414 1191
4658 3144 921 2694 4653
1284 4028 2094 3125 4721
4420 3861 335 1100 2028
2099 4023 1299 317 867
1963 358 807 75 2685
4833 4745 1612 1734 2452
2353 1053 764 4515 3755
1194 4753 3770 4161 1160
1673 1135 1163 3899 3765
4646 2092 3915 328 1084
4616 1208 1707 3466 1549
1381 2151 150 4837 3485
4565 312 2709 4549 1188
3210 866 3718 2591 2928
2715 142 1187 4663 4413
1225 4036 1511 827 4158
350 4060 875 2562 2194
4827 3735 2722 3180 4407
3980 243 1232 3775 4566
4332 4385 1317 850 4507
2674 4598 4733 3648 3920
4478 2739 942 1697 849
1236 1247 4655 862 4591
4229 2728 195 3142 153
1159 4622 4869 4831 790
2487 4083 1265 246 1051
1600 1173 3804 116 4327
1205 1606 3676 994 1050
2182 4082 10 1512 2004
1316 4070 2503 4824 44
4387 4615 3137 1056 1904
2325 4840 3683 4812 1228
232 3948 3123 4732 1004
1237 1454 4737 4307 1603
4438 1249 4475 2320 4668
4808 2850 3309 1149 196
231 1055 1620 950 3145
1598 949 4006 4755 4101
3830 3797 3908 948 3764
4551 4847 2247 2274 4230
993 681 3652 4072 1005
3202 3138 4574 4619 3083
2570 4579 3198 2104 2014
2481 108 3930 1040 4734
3852 1484 604 3815 3022
3789 2761 2847 4802 4496
4604 1503 2229 4386 1224
1147 3049 4338 4441 898
3924 1079 4345 3199 2690
2515 3120 2668 3480 3724
4801 1592 836 4727 1091
3010 1152 2631 4183 4018
4635 2061 4301 3777 1792
2130 4043 17 2287 3810
2760 4326 1610 2818 2989
4810 59 2869 4669 4671
2734 2483 1717 3942 1270
4267 1585 4517 1189 2349
4552 1294 25 2 2277
4774 1248 1122 4118 4201
1300 1743 45 41 1201
3964 3722 4504 49 2689
4384 2095 4073 1098 4488
629 1174 3824 3189 4195
3846 2966 3299 2242 3960
4340 4640 4872 3772 3357
2976 124 4400 2568 157
3334 1925 3809 1545 3419
4632 1325 4165 1200 4484
27 2733 4128 4206 970
2941 4807 4349 819 4312
1171 4209 4445 2765 4483
3843 4136 1736 3827 168
3422 2627 1272 4849 2078
3756 4654 1308 3819 3811
1019 1269 1695 181 2628
4518 38 4915 4526 4261
352 1965 4820 1117 4866
4806 4460 2241 4576 2893
3988 2162 2133 3116 1073
592 250 1944 4329 4913
4449 3583 320 4238 2270
4187 4858 14 1757 3175
1092 1230 1150 3958 2666
787 3825 4348 1659 3582
179 2899 4678 2727 4623
47 3112 130 3492 969
3531 79 4767 1309 2993
76 1751 1672 483 3991
3726 1491 3048 4392 3921
773 1629 3308 2979 3968
4567 26 3709 4852 3300
3866 1006 2665 3449 3305
756 713 1531 3749 2127
587 4613 4435 4227 1114
4044 4304 4770 2192 4254
1214 3999 4134 2755 3119
4605 4366 29 893 1037
972 3539 1456 3134 2067
3860 2600 4819 9 1210
3478 3007 3731 225 701
3929 2724 4053 3688 4443
1067 4120 3666 712 2609
4923 3135 2723 1126 3596
1521 139 3889 2538 793
227 2717 3569 2962 2832
3736 2286 316 123 4351
3807 1314 2082 2608 1289
1990 2577 3977 2096 4864
982 4523 1094 13 4899
1097 3173 4218 3585 2897
996 4717 2348 4511 4693
1537 1366 1241 2702 3684
4651 3762 4759 3351 2297
1582 2859 3734 121 1144
3497 385 4303 1547 2683
3078 1614 4795 1276 2093
774 1496 1706 4793 3876
4731 4257 4002 3218 1266
3891 2929 1358 1644 1113
1182 3530 2199 4179 1041
3941 3148 3856 3591 3694
4300 2747 2867 4685 3435
3881 3902 18 1923 192
4341 3209 1838 4527 1535
3763 2299 4612 3546 128
1648 4156 1252 383 3106
2736 2584 4272 2913 2456
3438 2814 685 2413 3459
4553 99 2245 3405 1134
4377 2291 1121 872 4142
3897 89 1696 4704 4249
209 1825 3620 3523 3732
1243 180 2516 4139 109
162 141 2005 2542 905
3888 3057 2676 1820 1873
4880 4630 4525 2594 3143
1246 2066 3970 3854 2613
1391 4317 144 125 924
1360 3554 4344 3832 2926
847 4088 32 3621 117
103 4508 4578 3045 3345
3947 3008 1058 133 4035
4748 4310 4538 3162 4321
1937 4115 4077 1154 4751
1108 1739 233 1779 4306
2622 3940 2953 1882 122
2884 4204 977 2368 1942
2379 226 2741 111 4691
4208 1088 1984 2588 2102
326 2786 4532 1312 3967
569 3571 2159 1139 30
2461 605 3201 2454 4394
992 4446 2459 3971 3858
3401 303 3107 4739 48
1264 3641 3540 2846 3346
1858 4546 1499 1988 4519
4001 1184 3315 2888 3935
4900 3746 1014 4912 151
4798 1090 3171 3254 2987
2324 1558 4033 3333 1836
3931 3634 4652 265 107
833 387 586 1642 2292
4381 1262 2354 1656 2001
4406 2558 1118 1720 3517
4003 1304 1840 2675 3892
1506 1207 2942 3877 3812
2634 1970 4447 4436 4342
1306 979 555 964 4205
4391 62 1607 2910 2719
2653 3115 2740 3262 4016
3806 1466 2743 1457 2626
4680 2730 1123 4008 507
3402 3019 3326 2564 1735
903 1580 240 4862 2369
4057 4047 82 3340 289
4505 3529 4316 2623 2718
2598 4063 2525 2054 1687
2090 4202 3460 414 2855
3730 3747 3352 2105 615
504 4324 670 4821 2045
4575 1818 3721 1380 934
1220 3181 4524 4042 3847
3108 3398 2801 3966 1078
64 2429 2809 3579 4199
1267 1676 4562 963 906
3152 2778 3062 2597 3851
991 4055 4401 12 3196
2949 3698 4861 2737 2788
837 4037 1613 1924 4219
2358 4572 533 2637 987
4697 4298 2107 58 3012
4760 3192 4325 2707 307
42 2492 538 1164 3150
2439 730 4395 2654 602
4433 1762 2193 3796 1371
2446 1538 3720 4347 4330
1895 3808 4543 3594 2540
4698 2704 3584 3214 628
4815 1791 2547 2969 4499
2712 8 4451 2569 3512
2663 4126 4589 2988 3121
2120 3206 4870 3005 4299
3439 4581 2017 2879 3004
1647 3461 3089 127 147
3963 1330 3001 4122 3370
118 2085 2921 3939 3879
191 4305 566 2044 229
1713 4297 4437 2110 4455
2121 3496 4104 4107 3626
77 1578 205 4274 2936
1557 1671 3084 1209 3013
2448 3864 310 1594 4131
2198 4328 3938 269 2295
2080 4112 3950 4178 4690
2290 1686 241 245 1218
3015 2670 2793 1796 2974
4906 3973 1192 4137 3590
4747 4585 71 4703 785
314 1528 4359 1197 3381
4271 3619 2142 3553 1143
2866 2269 2227 3986 3642
4337 1852 1556 4320 105
2328 3926 206 2211 204
4052 1805 2777 4676 2244
2781 4383 3240 4350 1404
3369 928 3604 3872 2549
4314 376 2003 3250 67
2255 3646 4542 1063 699
167 4586 3295 4294 981
2383 931 2664 3131 4071
1621 2220 4713 33 1229
491 126 2592 4374 3088
2620 4336 3766 3953 2662
4783 1777 2062 1081 552
136 4333 2158 1591 3104
2692 3678 462 3310 645
3784 2457 3266 4520 1077
1608 1052 693 4818 1851
3213 3598 4528 3608 2529
3616 1859 695 4908 37
3793 3710 4017 3380 1426
1701 4119 4786 3341 3440
1678 4608 1286 2111 2810
2068 2990 3124 2996 4255
1846 2607 1679 4701 4079
4715 1116 272 3164 1277
3682 1015 746 3612 1398
1106 145 1718 4228 4295
4554 4583 1343 4432 353
2672 1066 1433 4284 3069
3787 2038 4352 3956 4742
2031 3655 1310 3072 3000
4056 1407 2779 2420 2019
4408 2178 2288 3702 1110
3251 115 3962 1533 100
1007 2644 3118 854 4569
1028 4534 519 3987 2236
1301 922 3654 1525 2069
707 3136 1096 3552 1181
2011 3603 2961 540 346
3356 3280 937 3602 2440
4009 596 70 766 3959
2165 1709 1842 2959 2566
189 3375 140 3434 1764
813 2780 985 3564 3392
1945 4891 4361 3927 110
2187 4582 3522 56 2393
2604 500 3065 2373 3096
3519 4792 4699 3489 2213
2994 4503 2716 2224 4522
4123 3410 80 2098 4497
1257 2545 4684 1930 1501
3946 2970 2254 1828 4607
247 330 2550 4471 2595
3159 4661 1002 7 2611
4405 2796 1957 4054 4631
1327 4141 1400 1342 3360
4388 957 1009 3884 4429
3536 1826 2557 3364 3814
3090 4067 1946 2010 1554
4362 3841 3741 4291 781
2346 3574 1694 1352 4030
4836 4545 119 3744 1722
3494 148 1340 1467 2686
1929 755 3715 28 1969
2071 3549 3532 1595 4154
4813 2661 3576 3857 68
838 1632 1932 772 1550
2803 3976 3255 3474 4776
35 3469 4021 1033 3592
2392 1870 4108 2834 334
3264 578 4641 3882 4007
2750 1541 2073 1936 2015
3788 718 2502 4151 902
3848 4203 2539 1169 16
2586 828 3534 2738 2451
3803 2134 3373 958 3304
584 751 3638 1669 887
2301 4376 1485 831 3336
1724 2774 4718 565 1338
2852 1093 3558 3802 3493
210 1498 1332 2509 3800
2002 262 158 46 1555
3835 4729 585 4634 3597
3577 2857 1847 1323 2275
171 4573 3179 161 1781
1953 3077 3663 3289 2886
1685 2840 3636 3599 4032
498 2077 3126 4596 3653
4393 624 4521 660 3186
687 4823 3818 4005 3993
1212 3259 1589 4174 4417
3625 1894 642 1802 4682
1061 3306 1885 1016 3183
1344 361 1649 1334 4068
112 3024 4558 581 3545
1587 2091 4240 1186 4875
1667 1348 1280 2571 170
1626 1166 4700 3887 3853
2794 230 1068 1480 2660
4074 3994 220 4597 3044
641 3544 2763 4290 4277
4012 1450 2517 3990 1801
134 2310 3279 1413 4489
3716 174 1386 4531 2684
1975 4839 2059 1569 2583
2700 2520 3526 636 1972
3521 4571 2268 2638 590
846 4062 4343 91 2266
4234 1660 2460 1476 4354
113 1819 3695 2371 2828
1013 1797 956 2362 1553
762 2046 3067 3021 3003
728 2963 283 923 966
2510 51 1167 2896 4094
3153 4239 2444 3366 188
926 2551 1475 4533 1522
1293 1630 1911 2534 2081
1298 4650 4439 4536 2968
4168 2143 789 2973 3412
364 2656 3239 1345 1980
146 4454 4587 3855 2938
2648 1753 3771 3737 3693
3904 1283 4369 2945 665
90 3290 1417 4711 2799
1880 2100 1752 4775 2877
1665 3550 4 763 3790
3238 4133 961 2137 3113
1939 2402 2036 1524 997
1250 612 2601 2141 3871
677 3607 1646 36 2217
2614 2581 3140 1190 541
3798 3782 3511 4029 1349
2805 3767 3978 509 2347
3637 1565 1057 1634 976
2404 3886 4710 1462 2950
2792 1240 4152 1837 2907
3936 1258 3156 4467 1440
1481 3188 3047 734 2074
2250 3117 3256 1520 63
698 3664 3557 3102 3060
43 1662 39 101 3821
2203 973 2485 1631 2530
461 1640 4378 640 2933
1960 3883 1657 3204 1618
4722 2308 2845 4482 1552
1519 2552 4431 2769 4315
2681 927 4889 2381 96
2985 3055 2630 3359 1949
1915 2370 3849 3457 3293
820 1516 454 85 1034
1083 1532 3837 3287 2612
4370 2417 864 3524 3
2494 3147 3995 600 1211
3343 2032 3989 4628 4114
3386 3414 3669 4423 3332
3491 4010 3740 4665 57
2978 4853 2837 2478 1185
3423 1655 3263 1030 450
3631 3605 2267 614 4244
2955 4172 3733 3816 1193
1584 3972 1542 2697 1855
884 3751 782 2732 518
485 1436 1178 2331 1548
2339 449 4785 4148 1968
2573 2386 4601 1850 3169
3508 4649 2754 4356 2218
531 337 1285 4557 724
1027 3330 4046 4633 4606
603 3753 2679 2605 1849
3450 31 2992 1705 431
2467 3071 1409 1507 4479
978 3875 3568 1392 3696
679 3673 3278 637 2294
2463 2587 242 1119 3322
3801 890 3464 1817 1955
1562 4544 1107 2851 3906
4539 1170 4780 1408 3885
3426 2408 2148 3509 1455
3578 1539 1474 814 2925
2811 2051 178 378 4091
3020 3515 53 3141 2007
501 2023 3390 829 2472
3076 447 3365 765 1288
3205 4031 1179 932 3703
1742 2428 2222 822 1255
2677 1153 484 4106 2018
3056 2798 4265 98 2767
3155 3745 753 529 2964
886 3779 3456 40 4150
3945 3714 1959 933 1020
2060 3016 2946 2894 3103
3500 93 4555 984 3614
3895 2787 3363 4744 2900
4724 2469 1046 3713 2943
3288 574 3130 2696 2849
2357 2488 2819 1510 2279
3026 1841 1677 1388 2458
2395 622 1482 4237 3172
276 3227 710 3348 4809
1670 23 3533 823 3195
4763 852 2618 3260 1633
2493 1862 2189 3329 1500
2563 1827 102 3011 904
2541 4371 4025 1907 2742
2621 2009 802 3541 4896
2632 749 65 2208 1513
355 809 869 287 224
2975 2965 1741 1223 4559
222 816 3639 697 3441
868 221 1938 1721 2748
844 4609 3507 309 2699
845 2548 1892 3394 3270
3453 2312 647 3628 3086
2382 894 1832 3133 2874
1297 1497 2418 4175 768
1253 4916 1071 2303 722
3799 2826 691 1714 359
2714 1744 2745 3284 3680
2385 2789 3689 345 3660
1523 2930 2773 2497 1275
1399 1979 3630 3092 721
277 367 568 754 73
3411 427 15 3437 968
2173 2934 3918 4846 2572
2619 3114 1105 3207 4696
423 3415 3700 1125 3629
3675 3385 3983 1951 2436
1780 3873 336 4111 120
2140 2617 3527 2868 4390
3335 4099 3170 3880 4309
1926 3498 1390 3208 4360
1921 1579 3923 1375 4085
1543 3701 1302 2997 4876
3651 4319 467 1420 1021
967 152 1927 3307 4182
757 741 684 3486 375
2721 3560 453 3685 3974
2479 3425 2360 2816 2422
2553 3982 835 4529 3311
2804 3217 575 3342 2064
1379 197 3867 261 2579
824 1983 106 3778 448
3427 554 1913 3538 3110
409 1199 347 1563 1176
251 3200 688 3428 3448
1274 2410 4093 3905 4470
2602 2188 3697 623 4736
3472 2285 2917 1012 3826
3791 1700 4884 1062 723
2555 360 733 3367 2903
2473 1296 333 537 207
3101 1003 74 1251 3615
877 2315 652 2527 2505
187 750 621 4666 4485
1653 2651 4832 671 3059
2169 2398 3184 826 3570
1692 3738 4600 426 3245
460 2827 2701 806 2873
456 2390 2708 420 3708
370 3399 372 4281 936
2438 1675 2603 3913 1878
4430 1350 544 925 1922
3070 2703 1723 959 1909
2918 2076 329 3805 571
2833 4918 735 3043 2991
1869 3387 2442 442 2956
1227 430 2470 1000 2511
759 1453 4098 2574 486
508 131 2967 3302 2843
3314 832 2489 889 2636
4427 342 3413 2377 2149
3344 2424 1444 3358 469
4657 3009 1740 2152 2391
986 1755 2197 2029 2443
3095 2981 3773 3068 3389
4157 264 1900 1943 3097
2710 4117 4677 2235 1615
1786 4845 3073 3949 913
4153 708 50 4322 935
3661 2820 4777 2695 84
658 2434 4621 3075 580
1075 4353 3085 2416 3657
3471 3168 3481 1795 2797
3268 2783 3098 87 2878
2482 3928 725 2426 4498
940 3080 1359 4181 3510
3934 2523 3027 1964 572
3030 657 954 4167 3281
576 1566 94 1639 2678
1329 1022 439 2671 2528
2951 3890 384 2306 4468
2582 3313 888 1086 3556
791 2891 4130 1432 143
1213 2445 673 853 3294
4331 86 1017 1971 570
3383 200 2374 4425 2526
163 2939 3361 3952 1132
595 137 2853 2749 4564
52 2909 3785 550 851
3504 2863 1978 3431 598
3432 1703 2944 1635 4898
433 3166 129 2499 1954
3470 4365 907 3647 3303
2122 2606 3656 2405 1704
2433 3053 2901 3424 784
1793 1848 4886 1268 506
3482 301 3589 1712 3006
3233 2560 3723 798 1931
513 583 3632 2465 5
2972 155 478 2937 3163
2726 2430 4019 2372 1794
3754 4625 3567 945 914
941 960 1120 3650 971
3925 803 1933 663 4409
553 989 3468 3706 1866
2521 577 1428 643 3109
4664 465 2687 239 1419
2016 3064 3514 2865 1807
175 3212 3420 3354 4817
3154 1365 1441 3236 459
900 2075 3074 4476 3477
873 2491 980 2376 1883
1974 720 2474 2313 4293
1216 24 2394 1854 3433
2507 2316 521 776 4048
1437 437 2384 291 2431
223 2136 563 3034 386
1940 2364 4418 1435 2556
487 783 351 882 4116
22 1357 2958 1463 2449
1625 2514 2667 2345 613
1489 1766 3185 2808 78
2908 2647 668 633 3467
2154 3025 1956 729 811
4907 1815 3795 1897 3282
2406 1912 1886 3339 3483
1835 4794 1529 1658 1514
54 173 2139 848 547
1461 3079 2960 3093 3635
4493 617 4510 3845 2338
1011 3221 2366 3932 2124
2475 841 1271 3350 2892
3376 4231 2361 2876 545
3475 2108 3769 1650 1403
1488 634 4645 3050 2065
2037 3573 4842 689 2693
3229 2982 1099 1336 3705
3087 3406 394 2735 3231
965 780 1468 4355 494
1962 1981 445 560 1994
2751 1749 4843 2983 477
607 551 135 1986 825
3502 3368 530 1172 3128
2039 1036 481 740 767
3237 1054 3039 1809 761
2421 4672 653 795 4323
4834 4247 473 1422 3161
558 3586 3454 2471 1860
2952 3157 3051 1905 3495
2947 870 3910 2518 2821
1341 632 2116 2466 249
4624 2341 3643 1993 1899
495 3668 3224 4335 1429
1447 1389 1876 1427 2610
3046 1101 2435 1810 3600
630 2650 3513 2948 917
4379 2219 1328 1748 2490
3317 2812 4920 2984 4905
3624 2842 2954 281 1158
1914 1590 1702 3780 2508
1719 3219 3091 1806 2423
1515 4617 3443 1434 1282
3965 2161 1745 899 4090
2785 3944 2861 669 599
2658 1449 3111 4901 4917
3878 3933 709 1376 4026
166 3372 2350 3081 2437
1221 895 2486 2412 794
1881 2615 2450 1430 446
3409 1397 2283 2453 4011
267 682 3388 4709 3014
400 2367 4302 3267 3228
517 1856 2914 859 3158
3318 2977 2596 1906 1991
1573 441 1411 769 3190
2496 775 2536 2441 1750
562 405 3149 3355 2106
164 1844 805 3711 1919
1157 1803 4769 525 2378
3063 2911 1816 810 3520
651 286 891 4530 2940
305 3839 3900 856 3297
3912 527 3792 2335 2753
428 3298 2935 3257 3659
3066 1038 955 3139 288
1948 2415 2576 2862 4902
1976 608 3232 2375 711
3105 804 748 1918 719
4313 3327 1452 1682 1479
3323 2033 1839 1402 1726
2035 1245 2419 4618 2462
2616 601 3235 1415 2355
2822 606 4311 464 3038
2835 444 2817 4568 2411
2132 1754 417 4258 2414
2359 796 2498 2524 1460
3036 881 2533 4064 4765
666 726 1364 95 635
3028 3951 3859 1725 72
2397 3430 2885 2995 1910
2841 885 434 589 2971
2314 694 4080 1738 3362
861 496 737 2561 1470
284 2119 680 2790 4375
3418 2565 2931 839 4188
2356 4854 2575 4502 114
2337 3029 1483 1502 3253
2484 4825 878 654 2343
3563 3379 4592 3572 3347
2058 815 818 3230 644
3378 865 4102 138 4675
4296 2957 4024 2365 1586
1788 520 3244 2401 3277
497 2131 863 3739 4656
466 901 626 3844 915
3404 296 1572 2504 1142
2495 388 512 618 2802
416 510 1829 674 2875
401 3203 1307 3444 3476
2115 1967 1339 3353 2336
690 1448 3035 3672 3265
4712 3223 4014 4804 727
3518 2340 3588 3241 472
667 631 1372 1024 2775
2332 1534 3225 3617 1319
1641 1451 3191 536 3220
3258 492 304 3325 582
2289 1129 502 1431 2756
1536 1798 331 4911 3331
1458 415 1746 3052 3286
1001 1239 2399 443 704
874 410 678 4382 273
2589 962 792 511 395
2396 132 714 770 3167
2123 396 463 2919 1443
411 1318 1416 619 656
4129 3031 3033 1767 2380
1518 1867 2829 528 879
3623 840 548 1385 424
1602 474 1928 1604 2400
392 435 3216 3382 4695
616 857 1872 3276 438
391 1509 2112 422 3436
402 1772 542 393 404
3226 514 1663 1623 1857
1517 1775 2263 2351 2823
2334 1401 390 436 406
559 1495 418 398 2342
2824 389 3211 2898 1410
425 579 664 1833 526
515 298 499 432 475
2063 1768 397 1303 1916
1414 2233 534 482 2086
421 1087 2027 399 1769
1254 1902 429 1394 403
1813 1643 1335 1778 4590
1065 1064 344 1133 4193
4194 4835 4146 4217 943
4424 4075 2567 4626 4637
4282 1504 779 4197 897
4757 1941 244 1505 214
4781 11 3319 1708 270
4594 3909 4066 4627 1140
4259 3704 4639 172 297
2238 1165 3868 2026 2261
2999 3197 3018 3442 1235
4778 3561 610 275 1423
4741 1039 4364 4059 4857
2887 4726 944 4287 379
4740 4644 896 4720 4266
1492 4176 4192 199 4800
2260 2179 4185 4245 3037
3580 1384 2759 279 2633
3727 4749 3954 821 842
4169 4683 1234 263 4859
300 1486 1622 1008 493
1710 266 280 1203 4874
4149 4397 3627 202 834
1731 883 946 3613 2231
60 55 4768 4706 1568
3622 258 999 995 2128
4816 2784 2282 2221 4814
3903 1487 675 2172 700
1226 3686 2156 3998 1889
2599 4241 2770 4746 1581
4692 2265 4184 4563 2544
2175 366 3501 4444 2117
4473 1473 4404 4041 4450
2146 1 951 3761 1138
1756 4790 1711 1935 1023
2125 4159 4034 3551 4871
4784 1732 4164 2174 1821
2625 4805 365 4250 2155
183 4389 2629 975 363
4196 4860 381 3463 4462
1382 4882 211 4318 3566
4253 4087 2915 4550 1597
198 4166 4791 4186 3555
4426 4177 3292 6 2302
1958 2649 4220 3894 368
2176 4863 4411 4599 248
1478 4421 1244 3094 149
2645 3122 2293 1383 4841
182 2103 1564 4602 4788
543 4045 1888 253 4674
3041 3516 2114 3750 4509
4865 4797 1822 4620 876
662 1377 4580 3042 4096
203 380 4419 4215 1973
4283 4403 3834 3187 3996
201 4236 2264 4260 2537
2813 4922 1730 4659 1727
2246 4636 2578 2304 4811
2298 219 974 4000 860
2271 880 4611 1874 4491
1459 323 3862 1593 4264
1477 4415 4428 3609 4822
2184 3606 3794 3707 649
2163 2281 4416 1645 3618
4289 285 3937 4743 440
4756 2535 4877 1861 4719
1260 4829 1217 3823 4163
1195 2214 1638 3165 745
1691 3320 282 3395 2519
2207 1109 1765 311 1546
308 3543 4705 4796 4764
2317 1355 4273 1080 4540
1661 3729 1508 1315 4132
4702 1076 190 4339 2205
252 4771 2048 3679 1843
2138 953 4109 3838 3692
3985 4464 2150 1291 2713
3099 4735 2057 2323 4638
1761 4681 215 650 2113
4084 4707 706 2013 2180
4789 2210 4883 1616 648
377 356 4162 661 2912
3384 1811 3465 213 988
2230 1560 4803 1242 4308
4252 1196 3488 3537 1790
4463 549 2642 4357 4189
2904 4878 234 983 1183
2543 4799 4038 1333 1812
567 2228 4603 1868 4173
4570 4610 216 274 3349
4210 1654 3644 3417 3759
318 731 2731 591 1998
3535 2758 3562 2243 4145
2447 919 2839 292 2022
938 4452 4826 4465 3193
271 3633 1168 4647 2252
4198 3992 4694 2643 4779
625 742 2800 2160 451
4453 4466 3129 2012 1996
4224 2126 4140 778 3665
4100 3455 4723 715 1636
1222 1987 1047 4232 1747
2153 1493 1311 4422 4092
3874 908 1875 2232 4121
3458 1048 1151 2042 177
3640 3002 3898 3023 3829
3017 2882 3975 169 3836
3174 676 998 1952 744
2883 4500 2757 4110 1112
1728 4660 4614 4487 3820
3559 717 1776 2407 3783
4828 212 2998 4919 165
412 1716 3146 2920 2771
4688 2858 4214 4207 4512
1624 1072 3833 3601 1527
2746 4782 2191 4456 1137
1544 1464 1472 2049 4752
3842 1324 1124 2905 1060
1804 1934 341 4588 2079
4643 2705 1322 4076 1367
611 256 732 2196 3261
3649 3677 4270 2008 2000
4015 2807 3831 4873 322
2318 2300 1683 2464 2240
2168 476 1729 4535 1950
3487 1070 3593 1219 208
313 4089 3506 1337 1059
176 2387 4440 655 3447
1128 1321 1901 692 2135
1559 321 2006 1233 1992
4686 373 4212 1799 2020
3961 830 4458 2309 4490
1760 2673 4243 3850 1664
2234 1666 4848 2311 4286
1104 97 4501 2070 2860
2025 4648 2768 3321 3283
4561 1982 2688 1204 3581
1010 3725 2831 4410 1031
4049 1032 4412 4738 349
1231 3100 4595 4851 3525
524 1111 257 1808 2185
4223 4280 1571 468 218
236 2259 3408 808 702
1698 4242 2752 817 159
1680 4480 1865 539 357
1863 2409 2590 4288 505
620 324 2500 2624 1305
3194 340 3127 1599 3901
3869 3505 489 1773 3178
2815 3757 771 2307 3595
918 2147 3922 639 2212
3273 1469 4200 4642 186
3917 1346 1783 306 3671
3542 3786 2923 911 193
4728 1628 4221 302 2729
3919 2186 3893 1688 2593
3758 2258 4263 1354 4235
2225 348 3403 1997 797
3407 1320 3503 1395 939
2506 1871 1576 3215 1387
3248 812 1574 2305 3840
369 4730 1155 1103 3429
738 4513 1961 1313 4830
1684 1368 1446 3400 2639
1601 2782 3743 228 3774
3690 3610 1412 4477 3907
2030 2659 2546 1999 2532
1494 3955 3316 1131 3670
990 4516 4065 194 3061
892 260 909 1043 3396
2226 1637 4850 3301 4670
3040 1834 2144 743 490
1102 4879 4434 4058 3781
66 1198 1814 3249 546
4248 4373 2050 315 21
34 3979 83 1141 4372
1127 3760 912 1439 2177
3914 4061 1490 4078 4363
4492 339 2056 2432 2895
4147 1758 1551 1770 3728
470 3817 2109 930 2055
2200 1130 1596 752 4268
4708 4276 237 3275 2795
1884 4368 3338 4766 758
2262 104 4081 1763 3324
1920 588 1619 2806 3312
4180 2202 1045 2053 2322
4399 1831 1026 4171 3611
343 1370 788 4211 4667
4758 1292 801 2480 4222
160 2772 1029 920 4160
4457 278 2276 1898 1347
1575 703 3865 4662 4020
2691 593 2585 535 457
338 2825 319 3374 3445
1774 4138 843 3969 3371
4022 4191 4143 4881 479
1206 1044 2720 3393 1025
2830 1891 1089 4754 716
4537 947 4725 4584 471
290 4069 1674 3957 1281
1605 1369 4856 3377 4892
1893 458 2922 4855 1290
2776 800 4190 488 2870
1161 597 2157 1465 2296
4593 4013 299 4086 382
1263 2916 2352 3748 2195
1115 2171 1877 92 1442
3548 4495 88 3499 4716
1148 1652 2924 2864 2083
2836 2698 1789 3058 2363
2251 2986 4459 4246 2854
561 3768 4894 3082 4127
2321 1256 4910 3911 2167
2871 1540 2889 4867 3151
3813 371 1326 2744 2206
3943 2257 2089 1202 2084
1985 4472 747 2522 2455
2166 1668 1356 4269 1617
1570 4897 4380 3587 503
2088 327 3462 1279 2145
3416 2403 858 4144 2646
916 3234 419 4772 4124
1609 4474 1406 3870 2215
1049 4687 2118 4679 1689
1845 2711 235 2097 2043
523 3269 81 2844 2513
3645 4888 374 2272 739
4125 1583 4113 3176 4346
3337 3285 4051 2762 1787
185 4541 1864 1896 3681
1733 1526 1989 2906 3291
3719 4673 238 4787 1295
1035 736 1690 2559 2129
2682 1823 255 4890 4689
2655 4105 799 480 1018
4556 408 4893 2980 2554
609 1438 522 1681 2040
2640 2425 2273 3222 1042
2047 3691 4895 2239 1879
2190 4448 696 455 4262
2087 3776 1095 2501 3182
1908 1069 557 4251 354
1800 2902 1175 2253 910
3674 2652 4506 2164 3997
3981 2680 2183 3667 3896
1396 686 516 2216 2326
3296 4398 332 1259 2657
777 952 2021 3177 2880
1425 2468 4278 1785 1830
3451 786 1278 413 3032
2204 2237 760 2427 1378
4334 1966 2927 3528 4027
3717 3662 3822 4213 4285
1903 2052 1699 2856 2635
1471 2725 1853 4629 3484
4486 1782 2706 3246 2669
556 3274 1947 2041 3247
2201 3752 2848 4216 1977
4714 2890 217 3575 2389
4275 1715 259 1424 1082
2329 646 4155 3452 564
1374 3712 3272 3863 1177
1561 1995 1215 452 4909
3446 2791 4367 2284 2476
154 2327 2072 4868 3565
4773 293 1651 4103 1577
3687 2512 407 3328 4904
362 4135 3054 1693 2764
683 638 1405 3421 69
672 2881 1784 3252 3271
1421 929 1530 1287 3828
4838 4461 3473 705 4750
2333 184 1890 4844 3547
2531 627 4226 3243 1074
4548 1393 4914 2344 3916
2248 1361 4885 4402 4292
2024 4279 295 4903 1238
2319 4039 4040 2278 1331
2223 254 855 1759 2256
2872 4095 3479 1418 4577
2388 871 1917 3397 2477
4225 1567 2170 4256 1363
4921 1588 1887 2580 659
1771 1362 1445 4050 4170
532 2838 4494 1261 2330
2280 2209 3699 3242 1824
3391 4358 2641 573 3132
4887 4560 2249 156 3160
2034 3658 2101
